56311289
67804098
67804077
67804065
66029266
75221216
65349129
70675141
68649640
73051990
72517471
73052002
84129452
73948546
65349114
79624296
66342783
87405050
65622987
107346824
76368160
107346821
67863324
65903133
68247432
68274708
68373402
89131178
77718367
77856220
77856226
91106836
68791827
65413251
90338039
101733866
78299815
78299845
63288447
88632518
71361729
78393268
102472379
106009301
93286070
88835372
93436454
88293938
108999230
68354283
81275410
65367078
71486700
90121630
71643486
94604819
89238167
94782350
65247945
88143361
78703725
82242226
73051987
73051999
68563629
78508099
60763773
82887631
72464904
95512115
66831694
88916077
72312759
108323066
72414708
83298505
81959281
83560594
96122510
96122519
81696712
72632181
96453197
84094204
84167584
88616680
84369991
84441868
84479146
79465584
93599504
97042493
107183255
76271815
82894750
84847522
97305635
72948570
84897547
85021456
70687866
63475317
97611842
73598142
72887655
54646908
85245526
85361239
97379834
73745865
97994015
87024139
85511653
73953270
73973415
79837462
74045697
74081496
104183240
85766341
106663871
73258203
72700551
74276385
73030422
98440133
97822700
74382855
74384199
98697056
98812337
106517027
84916414
73634304
74792712
99508298
86450002
86523400
75205800
75223011
86704105
86713696
86715526
99891116
106379744
75331992
73960080
75337188
77858605
86894923
79319304
86919511
74170947
75557556
81989653
75654208
87155380
92986046
83417153
87258397
100714619
87297145
75872541
98441579
75923025
100768484
76021053
87460087
87490897
87531010
76079019
76094193
79963353
76095330
87563353
87571579
87571939
67308753
76245648
87751423
101204360
87773233
85304236
101297516
101172032
101308904
84848221
74310141
87869467
87882439
75524529
76533303
98996729
106381808
83127532
107274065
88143382
101733857
101733872
105550337
77006850
85935448
88285492
88323040
102027446
102051032
77245020
77245566
97702928
84571918
77309511
78485898
76535403
76535376
88492237
90324257
76095882
106831115
88593187
75161553
102291203
77455632
102297656
108185717
100447010
98535911
95603987
75609522
77958033
98043293
102420503
97189739
102451274
109226828
75028743
77456512
77636442
88853434
88887517
99025781
73563051
88990363
97897553
108157079
77824356
77827281
107505353
77917950
89390944
89341051
80181564
77959242
89144650
89152348
101043449
78038016
79213599
108422045
78042687
80663022
103049129
78077127
103069469
89239195
103118180
75651480
89468230
103188953
78166761
97483775
105613274
84880121
78209238
103252175
78218949
78219015
84543160
103299173
103299353
78264576
78269475
77829396
107766176
89894620
105435143
89468557
89482549
78491814
103568693
91785199
106336487
103584221
109237583
103620530
103622525
80438724
79460790
78570540
89230970
103674644
88937236
77270730
95773217
103769573
108457931
108457910
108457898
108457904
90438559
78645495
78645498
78645501
78487662
103824284
108751757
108779144
78680475
103862600
103866752
89687095
103870655
89687296
106434764
103917605
78263133
78168339
78350790
76533291
108489176
74237217
104002202
104002205
104002208
104002211
104002214
89468305
104100338
78282834
104107388
104107769
88582246
104154902
76791612
84702632
104165852
104165885
104188061
78849321
91014649
103380266
78873087
104243483
89902747
104267426
78903552
78903546
89487283
89918857
106869767
109211516
108821189
108501044
105938831
89927227
104334431
89939188
78954606
104351993
98698904
88398355
80408838
80409546
88940431
79030452
90026971
107227799
77524323
79075413
102976415
72613662
77400735
108942062
108940313
104553461
79115754
90136918
77011983
104565860
90188842
79140438
89644759
89344555
79155642
90182857
90182854
90183763
79171308
104700272
90235126
104165825
104713169
104755910
104756144
104758595
79248774
104762855
79252794
104773757
104776895
104782616
104782874
102691055
77589057
79317774
104878238
90329131
79354041
79354080
104967743
90426289
105063029
105063212
90742147
79425855
79426881
105090071
90450886
105110465
79142736
105131510
105164933
91906900
76535385
77448906
90503338
105205397
104165540
104557619
77186940
90510007
76017306
96640718
90516466
105240470
90536428
105258218
79465809
78281637
105260096
108412244
90543565
64871934
79475814
72921075
79478634
108412238
79498191
79504926
104486324
105381869
105403961
90634813
105406775
91132882
79553304
82556620
72684681
90474592
105451115
90664114
90665431
79588500
90670153
90670156
89698375
105489599
90682603
79602783
79602792
108782264
79609119
108678506
79609161
87482071
90686251
105518843
104151917
98651447
90480250
96488882
79625205
90714766
88215433
108157835
79656627
105600014
90748429
90748462
105607433
77975163
105785747
105639881
90778630
104501405
97235153
105710750
105727043
105727040
105729170
79283382
75644658
78172774
79751520
98127146
79754793
109204724
79756125
105003086
89669884
81508312
108571628
79765680
93607451
83523370
90885217
90885916
79773021
90887677
79774578
80528532
79775058
107673713
79789974
79789965
79887222
90531715
104447399
105765788
105775268
105782636
86139115
105790142
69735921
104125499
109197080
105839300
105846674
90536083
105867566
109149134
79776771
90976063
90981535
79296810
106238894
105891872
88953925
90985810
90993847
79043817
90996745
90995107
79830825
91001035
91001542
91003093
89881789
79849497
79852017
105961775
108034382
91068445
72012438
106009154
91070938
91077040
79888911
90348217
79901772
104493488
79904172
91105477
106083416
79991907
106195259
106086746
106086848
106090970
79914537
79441422
106091735
91121206
79916856
106092590
106126229
104188130
106128644
81695809
106134878
106133870
106133879
106133882
106133888
101733863
106135664
106141487
91277236
91252387
76926786
79958862
79958859
79960827
88916104
78163215
106186262
109137005
106197533
103189025
109072598
106226429
106228004
106235312
106235360
73356559
106237607
88289356
79996617
85282102
79939056
106241717
106247684
106257083
106279616
106321958
106330592
77589723
78868437
79724646
106336643
109061777
108493307
106361801
106364381
85868530
106370177
106381250
106383821
80065893
80065896
106403792
108688208
106410605
106411235
105137411
106418636
106420364
87544258
106420535
106420919
106432196
72769764
106435946
106436975
106442873
79033041
106447205
78906687
106456466
107329088
78620343
106459979
106464485
106503107
106540070
106507871
105717404
77589894
106514822
108338753
106523681
106523975
106524365
106524368
103248116
106538309
106543058
106545194
106545323
78574467
89683663
77481997
106582118
73303044
106592225
106607531
106613720
79483875
106618067
106618229
90877909
106619558
106646870
89656708
79053861
106656449
106663868
75002100
106669001
80111829
73666374
80123688
106195652
80124366
80128653
80128722
78911922
104823248
80129199
79726548
80152578
80159667
106749920
80167227
108236327
80167437
80168505
75346962
80173719
80177004
80183022
73438431
80195901
80200164
80200317
80201148
80201460
80202150
80203044
80203131
80222562
91396186
80225592
80225787
80229966
80240427
78483627
89757265
80267073
78054960
80272998
104245943
80275524
80282250
91414390
106822385
106826573
106826702
106830482
106849175
79770327
106858556
106864793
106871495
80292675
80292669
80292663
87955180
106910573
106918847
106919837
106920665
106921442
106951166
106951160
106934456
106937726
106937969
106940354
106946981
79318086
102301625
77860302
106951595
106951712
91072150
80558442
106979174
106981022
79457316
107009606
107009609
108677240
107064743
90466552
107079674
91003900
107227883
90823033
78918186
64840041
107094494
107097092
107097260
79683222
107101874
107110025
105525782
107114318
107117186
107121140
89220424
78264213
105436157
107137892
107142968
107155244
104544815
107162537
87441604
107169329
109090889
106163846
107184011
107191220
107194676
107271431
107207516
80132613
107228765
80325747
80325726
80325735
80325741
80325750
80325753
80326395
80326392
80326398
65523594
107231987
107238233
107241089
107246114
76790910
107676737
68128050
107261348
107261786
107272151
107273813
107275454
91163737
80341041
78174285
107307077
107311262
107312705
107312792
107319032
107319035
107319041
107319053
107323868
107312804
89337814
107325938
107331845
107334311
107373323
82232284
107343872
106443194
107359310
107361029
107362718
106129124
107372786
107238812
107374331
107375381
107379200
107381228
107384558
107387543
107387573
107389331
107391302
104322017
80229129
77974596
107404211
107409653
109074275
107410970
107428949
89780905
105165116
107507354
109005803
107511764
107512976
107516984
80148594
105786107
95697230
107521853
107526854
107527427
107170682
106987223
107530784
107531696
107532308
107532908
107533022
79483863
78921825
107538737
107542082
105311216
107547113
107573366
80383524
107572418
107239007
107574944
107582222
107583239
107585453
107591393
78514707
107594141
106171310
79034199
80184618
107613368
107616638
90171566
107619047
108925190
107645324
80403600
80403618
80404629
80405619
80407674
80407962
80407977
80409354
80410053
80410212
107622428
108740852
74313363
107650994
80195532
107654216
107662673
107663804
107664722
107665883
79902915
107675618
89501776
107679137
107688794
107703947
107704559
107709155
107709284
107716367
107717378
106381907
80269128
107720516
90706306
107724038
107725187
107725505
107112365
106403663
107740994
90895141
107741849
102987203
107749475
107499491
79087755
107753342
107753759
107763842
107764199
107764949
107766872
84614735
108233093
107769224
107770898
107771264
107772158
106173464
90126121
107776355
80000949
107783309
89924500
106174061
104320913
107786228
89191162
